===== 符号变动详情记录 =====
生成时间: 2025/12/06 18:06:43
总游戏局数: 98


==== 基础模式-第1局 =====
转轮ID: 转轮1=13(5), 转轮2=94(1), 转轮3=35(6), 转轮4=9(10), 转轮5=10(1), 转轮6=64(5), 转轮7=49(7)

--- 步骤 1 ---
符号矩阵:
0 | 5 | 4 | 10 | 7 | 0
5 | 1 | 6 | 10 | 1 | 5
6 | 2 | 1 |  4 | 1 | 6
4 | 1 | 5 |  1 | 1 | 7
1 | 4 | 3 |  1 | 2 | 8
中奖信息:
符号: 5, 连线数量: 3, 路数: 1, 符号赔率: 3.0, 奖金: 3.00
符号: 4, 连线数量: 4, 路数: 1, 符号赔率: 4.0, 奖金: 4.00
符号: 1, 连线数量: 5, 路数: 12, 符号赔率: 5.0, 奖金: 60.00
当局总奖金: 67.00
总奖金: 67.00

--- 步骤 2 ---
符号矩阵:
0 | 10 |  7 |  1 |  2 | 0
1 |  2 |  3 |  9 | 10 | 5
1 |  4 | 10 |  8 |  9 | 6
9 |  3 |  6 |  7 |  8 | 7
6 |  2 |  3 | 10 |  2 | 8

==== 基础模式-第2局 =====
转轮ID: 转轮1=88(5), 转轮2=10(2), 转轮3=16(5), 转轮4=97(2), 转轮5=18(7), 转轮6=58(2), 转轮7=45(1)

--- 步骤 1 ---
符号矩阵:
0 | 1 | 2 | 7 |  1 | 0
5 | 2 | 5 | 2 |  7 | 2
3 | 1 | 6 | 3 |  8 | 2
7 | 3 | 2 | 4 |  9 | 1
2 | 4 | 8 | 1 | 10 | 2
中奖信息:
符号: 2, 连线数量: 4, 路数: 2, 符号赔率: 3.0, 奖金: 6.00
当局总奖金: 6.00
总奖金: 73.00

--- 步骤 2 ---
符号矩阵:
0 | 1 | 7 | 1 |  3 | 0
4 | 1 | 1 | 1 |  7 | 2
5 | 1 | 5 | 3 |  8 | 2
3 | 3 | 6 | 4 |  9 | 1
7 | 4 | 8 | 1 | 10 | 2

==== 基础模式-第3局 =====
转轮ID: 转轮1=96(1), 转轮2=78(3), 转轮3=9(10), 转轮4=36(1), 转轮5=23(2), 转轮6=6(7), 转轮7=64(5)

--- 步骤 1 ---
符号矩阵:
 0 |  8 |  7 | 6 | 5 |  0
 1 |  3 | 10 | 1 | 2 |  7
 2 |  6 |  3 | 2 | 1 |  8
 9 |  9 |  5 | 3 | 2 |  9
10 | 10 |  2 | 4 | 3 | 10
中奖信息:
符号: 10, 连线数量: 3, 路数: 1, 符号赔率: 10.0, 奖金: 10.00
当局总奖金: 10.00
总奖金: 83.00

--- 步骤 2 ---
符号矩阵:
0 | 8 | 7 | 6 | 5 |  0
7 | 3 | 9 | 1 | 2 |  7
1 | 3 | 3 | 2 | 1 |  8
2 | 6 | 5 | 3 | 2 |  9
9 | 9 | 2 | 4 | 3 | 10
中奖信息:
符号: 9, 连线数量: 3, 路数: 1, 符号赔率: 5.0, 奖金: 5.00
当局总奖金: 15.00
总奖金: 88.00

--- 步骤 3 ---
符号矩阵:
0 | 8 | 7 | 6 | 5 |  0
1 | 2 | 8 | 1 | 2 |  7
7 | 3 | 3 | 2 | 1 |  8
1 | 3 | 5 | 3 | 2 |  9
2 | 6 | 2 | 4 | 3 | 10
中奖信息:
符号: 2, 连线数量: 5, 路数: 2, 符号赔率: 5.0, 奖金: 10.00
当局总奖金: 25.00
总奖金: 98.00

--- 步骤 4 ---
符号矩阵:
 0 | 8 | 7 | 6 |  5 |  0
10 | 4 | 1 | 1 | 11 |  7
 1 | 3 | 8 | 1 | 10 |  8
 7 | 3 | 3 | 3 |  1 |  9
 1 | 6 | 5 | 4 |  3 | 10

==== 基础模式-第4局 =====
转轮ID: 转轮1=82(1), 转轮2=20(3), 转轮3=62(3), 转轮4=16(5), 转轮5=89(6), 转轮6=87(4), 转轮7=32(6)

--- 步骤 1 ---
符号矩阵:
0 | 12 | 8 |  4 | 6 | 0
1 |  3 | 3 |  5 | 6 | 4
3 | 10 | 2 |  6 | 7 | 5
1 |  3 | 5 | 11 | 8 | 6
7 |  8 | 7 |  8 | 9 | 7
中奖信息:
符号: 3, 连线数量: 3, 路数: 3, 符号赔率: 2.0, 奖金: 6.00
符号: 7, 连线数量: 3, 路数: 1, 符号赔率: 3.0, 奖金: 3.00
当局总奖金: 9.00
总奖金: 107.00

--- 步骤 2 ---
符号矩阵:
 0 |  8 | 4 |  6 | 1 | 0
12 |  7 | 4 |  5 | 6 | 4
 4 |  3 | 5 |  6 | 7 | 5
 3 | 10 | 2 | 11 | 8 | 6
 1 |  8 | 5 |  8 | 9 | 7

==== 基础模式-第5局 =====
转轮ID: 转轮1=88(5), 转轮2=7(8), 转轮3=29(6), 转轮4=46(4), 转轮5=52(5), 转轮6=57(10), 转轮7=22(2)

--- 步骤 1 ---
符号矩阵:
0 | 2 |  7 | 12 | 2 |  0
5 | 8 |  6 |  4 | 5 | 10
3 | 9 |  7 |  2 | 6 |  2
7 | 1 |  2 |  1 | 7 |  2
2 | 2 | 11 |  2 | 8 |  1
中奖信息:
符号: 2, 连线数量: 6, 路数: 12, 符号赔率: 8.0, 奖金: 96.00
当局总奖金: 96.00
总奖金: 203.00

--- 步骤 2 ---
符号矩阵:
0 | 7 |  4 |  5 | 8 |  0
4 | 7 | 12 | 10 | 5 |  9
5 | 8 |  5 |  9 | 6 |  8
3 | 9 |  7 |  4 | 7 | 10
7 | 1 | 11 |  1 | 8 |  1
中奖信息:
符号: 7, 连线数量: 3, 路数: 4, 符号赔率: 3.0, 奖金: 12.00
当局总奖金: 108.00
总奖金: 215.00

--- 步骤 3 ---
符号矩阵:
 0 |  4 |  5 |  8 | 6 |  0
11 |  3 |  2 | 10 | 5 |  9
 4 | 12 |  2 |  9 | 6 |  8
 5 |  9 |  5 |  4 | 7 | 10
 3 |  1 | 11 |  1 | 8 |  1
中奖信息:
符号: 5, 连线数量: 3, 路数: 2, 符号赔率: 3.0, 奖金: 6.00
当局总奖金: 114.00
总奖金: 221.00

--- 步骤 4 ---
符号矩阵:
 0 | 4 |  8 |  6 | 4 |  0
11 | 5 |  5 | 10 | 5 |  9
 4 | 3 |  2 |  9 | 6 |  8
12 | 9 |  2 |  4 | 7 | 10
 3 | 1 | 11 |  1 | 8 |  1
中奖信息:
符号: 5, 连线数量: 3, 路数: 1, 符号赔率: 3.0, 奖金: 3.00
当局总奖金: 117.00
总奖金: 224.00

--- 步骤 5 ---
符号矩阵:
 0 | 4 |  8 |  6 | 4 |  0
 7 | 1 |  2 | 10 | 5 |  9
11 | 3 |  2 |  9 | 6 |  8
 4 | 9 |  2 |  4 | 7 | 10
 3 | 1 | 11 |  1 | 8 |  1

==== 基础模式-第6局 =====
转轮ID: 转轮1=65(6), 转轮2=98(3), 转轮3=35(6), 转轮4=34(4), 转轮5=33(10), 转轮6=78(7), 转轮7=14(3)

--- 步骤 1 ---
符号矩阵:
0 | 4 | 5 | 8 |  3 |  0
6 | 3 | 6 | 4 | 10 |  7
7 | 4 | 1 | 1 |  1 |  8
3 | 3 | 5 | 1 |  1 |  9
9 | 5 | 3 | 2 |  1 | 10
中奖信息:
符号: 3, 连线数量: 3, 路数: 2, 符号赔率: 2.0, 奖金: 4.00
当局总奖金: 4.00
总奖金: 228.00

--- 步骤 2 ---
符号矩阵:
0 | 4 | 5 | 8 |  3 |  0
2 | 4 | 3 | 4 | 10 |  7
6 | 1 | 6 | 1 |  1 |  8
7 | 4 | 1 | 1 |  1 |  9
9 | 5 | 5 | 2 |  1 | 10

==== 基础模式-第7局 =====
转轮ID: 转轮1=20(8), 转轮2=90(4), 转轮3=19(8), 转轮4=8(9), 转轮5=61(2), 转轮6=22(5), 转轮7=99(10)

--- 步骤 1 ---
符号矩阵:
0 | 5 |  7 |  7 | 10 | 0
8 | 4 |  8 |  9 |  2 | 5
5 | 3 |  9 | 10 |  3 | 2
9 | 4 | 11 |  4 |  4 | 1
1 | 2 |  7 |  1 |  5 | 9

==== 基础模式-第8局 =====
转轮ID: 转轮1=82(1), 转轮2=51(4), 转轮3=83(1), 转轮4=29(6), 转轮5=94(1), 转轮6=55(8), 转轮7=78(7)

--- 步骤 1 ---
符号矩阵:
0 | 5 |  5 | 4 | 7 |  0
1 | 4 |  1 | 6 | 1 |  8
3 | 2 |  1 | 7 | 1 |  9
1 | 1 | 11 | 8 | 1 | 10
7 | 1 |  2 | 9 | 2 |  2
中奖信息:
符号: 1, 连线数量: 3, 路数: 8, 符号赔率: 1.0, 奖金: 8.00
当局总奖金: 8.00
总奖金: 236.00

--- 步骤 2 ---
符号矩阵:
0 | 5 |  5 | 4 | 7 |  0
4 | 3 |  2 | 6 | 1 |  8
3 | 1 | 10 | 7 | 1 |  9
3 | 4 | 11 | 8 | 1 | 10
7 | 2 |  2 | 9 | 2 |  2

==== 基础模式-第9局 =====
转轮ID: 转轮1=37(5), 转轮2=18(3), 转轮3=96(1), 转轮4=29(6), 转轮5=57(10), 转轮6=31(8), 转轮7=75(8)

--- 步骤 1 ---
符号矩阵:
0 |  7 | 6 | 5 |  8 |  0
5 |  3 | 1 | 6 | 10 |  8
3 |  7 | 2 | 7 |  1 |  9
4 |  3 | 3 | 8 |  1 | 10
5 | 10 | 2 | 9 |  1 |  9
中奖信息:
符号: 3, 连线数量: 3, 路数: 2, 符号赔率: 2.0, 奖金: 4.00
当局总奖金: 4.00
总奖金: 240.00

--- 步骤 2 ---
符号矩阵:
0 |  7 | 6 | 5 |  8 |  0
1 |  1 | 2 | 6 | 10 |  8
5 |  2 | 1 | 7 |  1 |  9
4 |  7 | 2 | 8 |  1 | 10
5 | 10 | 2 | 9 |  1 |  9
中奖信息:
符号: 1, 连线数量: 3, 路数: 1, 符号赔率: 1.0, 奖金: 1.00
当局总奖金: 5.00
总奖金: 241.00

--- 步骤 3 ---
符号矩阵:
0 |  7 | 6 | 5 |  8 |  0
6 |  4 | 2 | 6 | 10 |  8
5 |  2 | 2 | 7 |  1 |  9
4 |  7 | 2 | 8 |  1 | 10
5 | 10 | 2 | 9 |  1 |  9

==== 基础模式-第10局 =====
转轮ID: 转轮1=77(3), 转轮2=27(1), 转轮3=61(4), 转轮4=45(10), 转轮5=60(1), 转轮6=5(6), 转轮7=68(1)

--- 步骤 1 ---
符号矩阵:
0 | 1 | 4 |  5 | 1 | 0
3 | 1 | 4 | 10 | 1 | 6
1 | 3 | 3 |  4 | 2 | 7
7 | 3 | 2 |  2 | 3 | 8
3 | 4 | 5 |  1 | 4 | 9
中奖信息:
符号: 3, 连线数量: 3, 路数: 4, 符号赔率: 2.0, 奖金: 8.00
当局总奖金: 8.00
总奖金: 249.00

--- 步骤 2 ---
符号矩阵:
0 | 1 | 4 |  5 | 1 | 0
5 | 2 | 5 | 10 | 1 | 6
4 | 4 | 4 |  4 | 2 | 7
1 | 1 | 2 |  2 | 3 | 8
7 | 4 | 5 |  1 | 4 | 9
中奖信息:
符号: 4, 连线数量: 5, 路数: 4, 符号赔率: 6.0, 奖金: 24.00
当局总奖金: 32.00
总奖金: 273.00

--- 步骤 3 ---
符号矩阵:
 0 | 1 | 5 |  1 | 8 | 0
10 | 1 | 2 |  9 | 1 | 6
 5 | 8 | 5 | 10 | 1 | 7
 1 | 2 | 2 |  2 | 2 | 8
 7 | 1 | 5 |  1 | 3 | 9

==== 基础模式-第11局 =====
转轮ID: 转轮1=94(1), 转轮2=35(3), 转轮3=7(8), 转轮4=81(10), 转轮5=75(4), 转轮6=18(7), 转轮7=1(7)

--- 步骤 1 ---
符号矩阵:
0 | 5 |  6 |  5 | 7 |  0
1 | 3 |  8 | 10 | 4 |  7
7 | 1 |  9 | 11 | 5 |  8
1 | 1 | 10 |  1 | 6 |  9
2 | 2 |  3 |  1 | 7 | 10

==== 基础模式-第12局 =====
转轮ID: 转轮1=58(11), 转轮2=48(1), 转轮3=49(2), 转轮4=65(6), 转轮5=55(8), 转轮6=4(5), 转轮7=7(6)

--- 步骤 1 ---
符号矩阵:
 0 | 4 | 3 | 9 |  6 | 0
11 | 1 | 2 | 6 |  8 | 5
 5 | 1 | 6 | 7 |  9 | 6
 3 | 3 | 7 | 8 | 10 | 7
 6 | 4 | 5 | 9 |  1 | 8
中奖信息:
符号: 3, 连线数量: 3, 路数: 1, 符号赔率: 2.0, 奖金: 2.00
当局总奖金: 2.00
总奖金: 275.00

--- 步骤 2 ---
符号矩阵:
 0 | 4 | 9 | 6 |  5 | 0
 4 | 2 | 2 | 6 |  8 | 5
11 | 1 | 6 | 7 |  9 | 6
 5 | 1 | 7 | 8 | 10 | 7
 6 | 4 | 5 | 9 |  1 | 8

==== 基础模式-第13局 =====
转轮ID: 转轮1=57(4), 转轮2=26(2), 转轮3=55(8), 转轮4=80(9), 转轮5=39(4), 转轮6=97(2), 转轮7=36(1)

--- 步骤 1 ---
符号矩阵:
 0 | 4 |  6 |  5 | 1 | 0
 4 | 2 |  8 |  9 | 4 | 2
11 | 1 |  9 | 10 | 5 | 3
 5 | 3 | 10 | 11 | 6 | 4
 3 | 3 |  4 |  1 | 7 | 1
中奖信息:
符号: 4, 连线数量: 3, 路数: 1, 符号赔率: 2.0, 奖金: 2.00
当局总奖金: 2.00
总奖金: 277.00

--- 步骤 2 ---
符号矩阵:
 0 | 6 |  5 |  1 | 12 | 0
 3 | 2 |  2 |  9 |  4 | 2
11 | 1 |  8 | 10 |  5 | 3
 5 | 3 |  9 | 11 |  6 | 4
 3 | 3 | 10 |  1 |  7 | 1

==== 基础模式-第14局 =====
转轮ID: 转轮1=26(3), 转轮2=26(2), 转轮3=53(10), 转轮4=34(4), 转轮5=75(4), 转轮6=53(6), 转轮7=15(8)

--- 步骤 1 ---
符号矩阵:
0 | 6 |  4 | 5 | 8 | 0
3 | 2 | 10 | 4 | 4 | 6
4 | 1 |  2 | 1 | 5 | 7
8 | 3 |  8 | 1 | 6 | 8
3 | 3 |  9 | 2 | 7 | 9

==== 基础模式-第15局 =====
转轮ID: 转轮1=77(3), 转轮2=5(3), 转轮3=81(10), 转轮4=44(9), 转轮5=53(6), 转轮6=71(4), 转轮7=25(2)

--- 步骤 1 ---
符号矩阵:
0 | 5 |  4 |  2 | 2 | 0
3 | 3 | 10 |  9 | 6 | 4
1 | 7 |  2 | 10 | 7 | 1
7 | 8 |  1 |  4 | 8 | 2
3 | 9 |  1 |  2 | 9 | 2

==== 基础模式-第16局 =====
转轮ID: 转轮1=75(4), 转轮2=63(4), 转轮3=57(10), 转轮4=66(7), 转轮5=13(2), 转轮6=95(1), 转轮7=92(9)

--- 步骤 1 ---
符号矩阵:
0 | 9 |  2 | 10 | 9 | 0
4 | 4 | 10 |  7 | 2 | 1
5 | 1 |  4 |  8 | 3 | 1
3 | 3 |  2 |  9 | 4 | 2
1 | 1 |  5 | 10 | 5 | 3
中奖信息:
符号: 4, 连线数量: 3, 路数: 1, 符号赔率: 2.0, 奖金: 2.00
当局总奖金: 2.00
总奖金: 279.00

--- 步骤 2 ---
符号矩阵:
 0 | 9 |  2 | 10 | 9 | 0
10 | 4 |  9 |  7 | 2 | 1
 5 | 1 | 10 |  8 | 3 | 1
 3 | 3 |  2 |  9 | 4 | 2
 1 | 1 |  5 | 10 | 5 | 3

==== 基础模式-第17局 =====
转轮ID: 转轮1=35(6), 转轮2=42(1), 转轮3=16(5), 转轮4=1(2), 转轮5=32(9), 转轮6=83(2), 转轮7=64(5)

--- 步骤 1 ---
符号矩阵:
0 | 8 | 7 | 6 |  5 | 0
6 | 1 | 5 | 2 |  9 | 2
1 | 3 | 6 | 3 | 10 | 1
5 | 3 | 2 | 4 |  1 | 2
3 | 2 | 8 | 5 |  1 | 3

==== 基础模式-第18局 =====
转轮ID: 转轮1=86(11), 转轮2=54(1), 转轮3=69(2), 转轮4=14(3), 转轮5=3(4), 转轮6=70(11), 转轮7=22(2)

--- 步骤 1 ---
符号矩阵:
 0 | 2 | 7 | 12 | 2 |  0
11 | 1 | 2 |  3 | 4 | 11
 4 | 8 | 7 |  4 | 5 |  4
 5 | 3 | 4 |  5 | 6 |  1
 3 | 9 | 2 |  6 | 7 |  2

==== 基础模式-第19局 =====
转轮ID: 转轮1=99(10), 转轮2=64(1), 转轮3=24(2), 转轮4=34(4), 转轮5=51(4), 转轮6=74(2), 转轮7=63(9)

--- 步骤 1 ---
符号矩阵:
 0 | 7 | 6 | 5 | 9 | 0
10 | 1 | 2 | 4 | 4 | 2
 1 | 3 | 5 | 1 | 5 | 4
 1 | 1 | 2 | 1 | 6 | 5
 3 | 4 | 2 | 2 | 7 | 6

==== 基础模式-第20局 =====
转轮ID: 转轮1=79(7), 转轮2=27(1), 转轮3=35(6), 转轮4=45(10), 转轮5=69(10), 转轮6=89(6), 转轮7=38(6)

--- 步骤 1 ---
符号矩阵:
0 | 6 | 5 |  4 |  6 | 0
7 | 1 | 6 | 10 | 10 | 6
3 | 3 | 1 |  4 | 11 | 7
4 | 3 | 5 |  2 |  3 | 8
1 | 4 | 3 |  1 |  1 | 9
中奖信息:
符号: 3, 连线数量: 3, 路数: 2, 符号赔率: 2.0, 奖金: 4.00
符号: 1, 连线数量: 5, 路数: 1, 符号赔率: 5.0, 奖金: 5.00
当局总奖金: 9.00
总奖金: 288.00

--- 步骤 2 ---
符号矩阵:
0 | 6 |  5 |  4 |  6 | 0
1 | 2 |  3 |  9 |  9 | 6
3 | 4 | 10 | 10 | 10 | 7
7 | 1 |  6 |  4 | 11 | 8
4 | 4 |  5 |  2 |  3 | 9

==== 基础模式-第21局 =====
转轮ID: 转轮1=93(10), 转轮2=89(3), 转轮3=38(3), 转轮4=20(9), 转轮5=11(1), 转轮6=26(3), 转轮7=97(2)

--- 步骤 1 ---
符号矩阵:
 0 | 7 | 10 |  3 | 2 | 0
10 | 3 |  3 |  9 | 1 | 3
 1 | 4 |  7 | 10 | 1 | 4
 7 | 3 |  5 |  5 | 2 | 5
 1 | 4 |  6 |  4 | 3 | 6
中奖信息:
符号: 7, 连线数量: 3, 路数: 1, 符号赔率: 3.0, 奖金: 3.00
当局总奖金: 3.00
总奖金: 291.00

--- 步骤 2 ---
符号矩阵:
 0 | 10 | 3 |  2 | 9 | 0
 4 |  3 | 5 |  9 | 1 | 3
10 |  4 | 3 | 10 | 1 | 4
 1 |  3 | 5 |  5 | 2 | 5
 1 |  4 | 6 |  4 | 3 | 6

==== 基础模式-第22局 =====
转轮ID: 转轮1=94(1), 转轮2=38(2), 转轮3=63(2), 转轮4=63(4), 转轮5=60(1), 转轮6=65(6), 转轮7=23(12)

--- 步骤 1 ---
符号矩阵:
0 | 2 |  2 | 7 | 12 | 0
1 | 2 |  2 | 4 |  1 | 6
7 | 2 |  5 | 5 |  2 | 7
1 | 5 |  7 | 6 |  3 | 8
2 | 2 | 11 | 7 |  4 | 9
中奖信息:
符号: 2, 连线数量: 3, 路数: 8, 符号赔率: 1.0, 奖金: 8.00
当局总奖金: 8.00
总奖金: 299.00

--- 步骤 2 ---
符号矩阵:
 0 | 7 |  2 |  4 | 5 | 0
10 | 1 |  3 | 12 | 1 | 6
 1 | 1 |  5 |  5 | 2 | 7
 7 | 3 |  7 |  6 | 3 | 8
 1 | 5 | 11 |  7 | 4 | 9
中奖信息:
符号: 7, 连线数量: 4, 路数: 2, 符号赔率: 5.0, 奖金: 10.00
当局总奖金: 18.00
总奖金: 309.00

--- 步骤 3 ---
符号矩阵:
 0 | 2 |  4 | 5 | 8 | 0
 4 | 1 |  4 | 3 | 1 | 6
10 | 1 | 12 | 2 | 2 | 7
 1 | 3 |  3 | 5 | 3 | 8
 1 | 5 | 11 | 6 | 4 | 9
中奖信息:
符号: 1, 连线数量: 3, 路数: 4, 符号赔率: 1.0, 奖金: 4.00
当局总奖金: 22.00
总奖金: 313.00

--- 步骤 4 ---
符号矩阵:
 0 |  2 |  4 | 5 | 8 | 0
 2 |  1 |  5 | 3 | 1 | 6
 7 |  2 |  4 | 2 | 2 | 7
 4 | 12 |  3 | 5 | 3 | 8
10 |  5 | 11 | 6 | 4 | 9
中奖信息:
符号: 4, 连线数量: 3, 路数: 2, 符号赔率: 2.0, 奖金: 4.00
当局总奖金: 26.00
总奖金: 317.00

--- 步骤 5 ---
符号矩阵:
 0 | 2 |  5 | 8 | 6 | 0
 3 | 3 |  2 | 3 | 1 | 6
 2 | 1 |  5 | 2 | 2 | 7
 7 | 2 |  3 | 5 | 3 | 8
12 | 5 | 11 | 6 | 4 | 9
中奖信息:
符号: 2, 连线数量: 5, 路数: 4, 符号赔率: 5.0, 奖金: 20.00
符号: 5, 连线数量: 4, 路数: 2, 符号赔率: 5.0, 奖金: 10.00
符号: 3, 连线数量: 5, 路数: 2, 符号赔率: 6.0, 奖金: 12.00
当局总奖金: 68.00
总奖金: 359.00

--- 步骤 6 ---
符号矩阵:
 0 | 8 |  6 |  4 | 5 | 0
 5 | 7 |  4 |  1 | 1 | 6
 4 | 4 | 10 |  3 | 1 | 7
11 | 3 |  9 | 11 | 1 | 8
 7 | 1 | 11 |  6 | 4 | 9
中奖信息:
符号: 4, 连线数量: 5, 路数: 1, 符号赔率: 6.0, 奖金: 6.00
当局总奖金: 74.00
总奖金: 365.00

--- 步骤 7 ---
符号矩阵:
 0 | 8 |  6 |  5 |  8 | 0
 7 | 3 |  8 |  1 | 10 | 6
 5 | 7 | 10 |  3 |  1 | 7
11 | 3 |  9 | 11 |  1 | 8
 7 | 1 | 11 |  6 |  1 | 9

==== 基础模式-第23局 =====
转轮ID: 转轮1=38(3), 转轮2=64(1), 转轮3=85(11), 转轮4=35(1), 转轮5=90(7), 转轮6=55(8), 转轮7=10(4)

--- 步骤 1 ---
符号矩阵:
0 | 5 |  9 | 12 |  4 |  0
3 | 1 | 11 |  1 |  7 |  8
4 | 3 |  2 |  1 |  8 |  9
5 | 1 |  4 |  2 |  9 | 10
5 | 4 |  5 |  3 | 10 |  2
中奖信息:
符号: 5, 连线数量: 4, 路数: 2, 符号赔率: 5.0, 奖金: 10.00
符号: 4, 连线数量: 5, 路数: 1, 符号赔率: 6.0, 奖金: 6.00
当局总奖金: 16.00
总奖金: 381.00

--- 步骤 2 ---
符号矩阵:
0 |  9 |  3 | 9 |  6 |  0
5 |  4 |  1 | 1 |  7 |  8
1 | 12 |  1 | 1 |  8 |  9
6 |  1 | 11 | 2 |  9 | 10
3 |  1 |  2 | 3 | 10 |  2
中奖信息:
符号: 3, 连线数量: 4, 路数: 1, 符号赔率: 4.0, 奖金: 4.00
符号: 1, 连线数量: 4, 路数: 12, 符号赔率: 3.0, 奖金: 36.00
当局总奖金: 56.00
总奖金: 421.00

--- 步骤 3 ---
符号矩阵:
 0 | 9 |  9 |  6 |  5 |  0
 1 | 4 |  2 |  4 |  7 |  8
10 | 1 | 10 | 10 |  8 |  9
12 | 1 | 11 |  9 |  9 | 10
 5 | 4 |  2 |  2 | 10 |  2
中奖信息:
符号: 9, 连线数量: 6, 路数: 1, 符号赔率: 25.0, 奖金: 25.00
当局总奖金: 81.00
总奖金: 446.00

--- 步骤 4 ---
符号矩阵:
 0 | 6 |  5 |  6 |  5 |  0
 5 | 4 |  2 |  8 |  6 |  7
 1 | 1 | 10 |  4 |  7 |  8
10 | 1 | 11 | 10 |  8 | 10
 5 | 4 |  2 |  2 | 10 |  2

==== 基础模式-第24局 =====
转轮ID: 转轮1=57(4), 转轮2=97(4), 转轮3=15(1), 转轮4=67(8), 转轮5=37(2), 转轮6=97(2), 转轮7=36(1)

--- 步骤 1 ---
符号矩阵:
 0 | 4 | 6 |  5 | 1 | 0
 4 | 4 | 1 |  8 | 2 | 2
11 | 3 | 5 |  9 | 3 | 3
 5 | 4 | 6 | 10 | 4 | 4
 3 | 3 | 2 |  3 | 5 | 1

==== 基础模式-第25局 =====
转轮ID: 转轮1=86(11), 转轮2=42(1), 转轮3=16(5), 转轮4=13(2), 转轮5=13(2), 转轮6=44(9), 转轮7=34(8)

--- 步骤 1 ---
符号矩阵:
 0 | 5 | 1 | 12 | 8 |  0
11 | 1 | 5 |  2 | 2 |  9
 4 | 3 | 6 |  3 | 3 | 10
 5 | 3 | 2 |  4 | 4 |  2
 3 | 2 | 8 |  5 | 5 |  4
中奖信息:
符号: 5, 连线数量: 5, 路数: 2, 符号赔率: 10.0, 奖金: 20.00
当局总奖金: 20.00
总奖金: 466.00

--- 步骤 2 ---
符号矩阵:
 0 | 1 |  8 | 4 | 6 |  0
 7 | 1 | 12 | 1 | 1 |  9
11 | 3 |  6 | 2 | 2 | 10
 4 | 3 |  2 | 3 | 3 |  2
 3 | 2 |  8 | 4 | 4 |  4
中奖信息:
符号: 3, 连线数量: 5, 路数: 2, 符号赔率: 6.0, 奖金: 12.00
当局总奖金: 32.00
总奖金: 478.00

--- 步骤 3 ---
符号矩阵:
 0 |  1 | 8 | 4 | 6 |  0
 1 |  2 | 1 | 1 | 1 |  9
 7 | 12 | 6 | 1 | 1 | 10
11 |  1 | 2 | 2 | 2 |  2
 4 |  2 | 8 | 4 | 4 |  4
中奖信息:
符号: 1, 连线数量: 5, 路数: 12, 符号赔率: 5.0, 奖金: 60.00
当局总奖金: 92.00
总奖金: 538.00

--- 步骤 4 ---
符号矩阵:
 0 | 8 | 4 |  6 |  1 |  0
 3 | 5 | 7 |  4 |  1 |  9
 7 | 2 | 6 | 10 | 10 | 10
11 | 2 | 2 |  2 |  2 |  2
 4 | 2 | 8 |  4 |  4 |  4

==== 基础模式-第26局 =====
转轮ID: 转轮1=30(3), 转轮2=48(1), 转轮3=59(2), 转轮4=66(7), 转轮5=63(4), 转轮6=15(1), 转轮7=96(9)

--- 步骤 1 ---
符号矩阵:
 0 | 10 | 3 |  2 | 9 | 0
 3 |  1 | 2 |  7 | 4 | 1
 5 |  1 | 5 |  8 | 5 | 5
 5 |  3 | 4 |  9 | 6 | 6
10 |  4 | 3 | 10 | 7 | 7
中奖信息:
符号: 3, 连线数量: 3, 路数: 2, 符号赔率: 2.0, 奖金: 4.00
当局总奖金: 4.00
总奖金: 542.00

--- 步骤 2 ---
符号矩阵:
 0 | 10 | 2 |  9 | 9 | 0
 3 |  2 | 4 |  7 | 4 | 1
 5 |  1 | 2 |  8 | 5 | 5
 5 |  1 | 5 |  9 | 6 | 6
10 |  4 | 4 | 10 | 7 | 7

==== 基础模式-第27局 =====
转轮ID: 转轮1=16(1), 转轮2=17(1), 转轮3=82(2), 转轮4=66(7), 转轮5=56(9), 转轮6=17(6), 转轮7=91(3)

--- 步骤 1 ---
符号矩阵:
 0 | 2 | 10 |  9 |  3 | 0
 1 | 1 |  2 |  7 |  9 | 6
11 | 3 |  1 |  8 | 10 | 7
 1 | 7 |  1 |  9 |  1 | 8
 1 | 3 | 11 | 10 |  1 | 9
中奖信息:
符号: 1, 连线数量: 3, 路数: 6, 符号赔率: 1.0, 奖金: 6.00
当局总奖金: 6.00
总奖金: 548.00

--- 步骤 2 ---
符号矩阵:
 0 | 2 | 10 |  9 |  3 | 0
 4 | 2 | 10 |  7 |  9 | 6
 6 | 3 |  9 |  8 | 10 | 7
 5 | 7 |  2 |  9 |  1 | 8
11 | 3 | 11 | 10 |  1 | 9

==== 基础模式-第28局 =====
转轮ID: 转轮1=54(1), 转轮2=83(1), 转轮3=11(5), 转轮4=38(3), 转轮5=58(1), 转轮6=16(5), 转轮7=86(3)

--- 步骤 1 ---
符号矩阵:
0 | 6 | 5 | 4 | 3 | 0
1 | 1 | 5 | 3 | 1 | 5
5 | 2 | 2 | 4 | 1 | 6
3 | 3 | 5 | 5 | 1 | 7
4 | 3 | 7 | 6 | 2 | 8

==== 基础模式-第29局 =====
转轮ID: 转轮1=36(1), 转轮2=28(3), 转轮3=89(6), 转轮4=82(11), 转轮5=62(3), 转轮6=33(10), 转轮7=83(10)

--- 步骤 1 ---
符号矩阵:
0 | 3 | 9 | 12 | 10 |  0
1 | 3 | 6 | 11 |  3 | 10
5 | 3 | 7 |  1 |  4 |  9
3 | 4 | 8 |  1 |  5 |  1
4 | 7 | 9 |  2 |  6 |  1

==== 基础模式-第30局 =====
转轮ID: 转轮1=30(3), 转轮2=62(4), 转轮3=92(9), 转轮4=77(6), 转轮5=95(1), 转轮6=8(9), 转轮7=66(7)

--- 步骤 1 ---
符号矩阵:
 0 | 5 |  1 | 8 | 7 |  0
 3 | 4 |  9 | 6 | 1 |  9
 5 | 4 | 10 | 7 | 1 | 10
 5 | 1 |  2 | 8 | 2 |  2
10 | 3 |  2 | 9 | 3 |  1

==== 基础模式-第31局 =====
转轮ID: 转轮1=66(7), 转轮2=26(2), 转轮3=94(2), 转轮4=11(1), 转轮5=90(7), 转轮6=1(2), 转轮7=80(5)

--- 步骤 1 ---
符号矩阵:
0 | 10 | 10 | 5 |  5 | 0
7 |  2 |  2 | 1 |  7 | 2
3 |  1 |  2 | 1 |  8 | 3
9 |  3 |  1 | 2 |  9 | 1
4 |  3 |  2 | 3 | 10 | 5

==== 基础模式-第32局 =====
转轮ID: 转轮1=52(1), 转轮2=62(4), 转轮3=49(2), 转轮4=26(3), 转轮5=33(10), 转轮6=7(8), 转轮7=5(6)

--- 步骤 1 ---
符号矩阵:
0 | 9 | 6 | 5 |  6 |  0
1 | 4 | 2 | 3 | 10 |  8
6 | 4 | 6 | 4 |  1 |  9
1 | 1 | 7 | 5 |  1 | 10
5 | 3 | 5 | 6 |  1 |  2

==== 基础模式-第33局 =====
转轮ID: 转轮1=63(4), 转轮2=7(8), 转轮3=87(4), 转轮4=75(4), 转轮5=79(8), 转轮6=78(7), 转轮7=42(7)

--- 步骤 1 ---
符号矩阵:
0 | 1 | 3 | 8 |  7 |  0
4 | 8 | 4 | 4 |  8 |  7
2 | 9 | 5 | 5 |  9 |  8
6 | 1 | 6 | 6 | 10 |  9
7 | 2 | 7 | 7 | 11 | 10

==== 基础模式-第34局 =====
转轮ID: 转轮1=29(3), 转轮2=31(7), 转轮3=22(7), 转轮4=55(8), 转轮5=62(3), 转轮6=81(10), 转轮7=87(4)

--- 步骤 1 ---
符号矩阵:
0 | 7 | 6 |  5 | 4 |  0
3 | 7 | 7 |  8 | 3 | 10
3 | 3 | 6 |  9 | 4 | 11
5 | 2 | 2 | 10 | 5 |  2
5 | 1 | 5 | 11 | 6 |  1

==== 基础模式-第35局 =====
转轮ID: 转轮1=83(3), 转轮2=78(3), 转轮3=38(3), 转轮4=52(5), 转轮5=52(5), 转轮6=93(10), 转轮7=66(7)

--- 步骤 1 ---
符号矩阵:
 0 |  5 | 1 | 8 | 7 |  0
 3 |  3 | 3 | 5 | 5 | 10
 1 |  6 | 7 | 6 | 6 |  2
 7 |  9 | 5 | 7 | 7 |  1
11 | 10 | 6 | 8 | 8 |  1
中奖信息:
符号: 3, 连线数量: 3, 路数: 1, 符号赔率: 2.0, 奖金: 2.00
当局总奖金: 2.00
总奖金: 550.00

--- 步骤 2 ---
符号矩阵:
 0 |  5 | 1 | 8 | 7 |  0
 1 |  3 | 5 | 5 | 5 | 10
 1 |  6 | 7 | 6 | 6 |  2
 7 |  9 | 5 | 7 | 7 |  1
11 | 10 | 6 | 8 | 8 |  1

==== 基础模式-第36局 =====
转轮ID: 转轮1=26(3), 转轮2=16(2), 转轮3=53(10), 转轮4=57(10), 转轮5=30(7), 转轮6=12(1), 转轮7=41(6)

--- 步骤 1 ---
符号矩阵:
0 | 3 |  8 |  7 |  6 | 0
3 | 2 | 10 | 10 |  7 | 1
4 | 1 |  2 | 11 |  8 | 9
8 | 3 |  8 |  3 |  9 | 3
3 | 7 |  9 |  1 | 10 | 1

==== 基础模式-第37局 =====
转轮ID: 转轮1=24(1), 转轮2=2(2), 转轮3=16(5), 转轮4=5(6), 转轮5=89(6), 转轮6=25(9), 转轮7=63(9)

--- 步骤 1 ---
符号矩阵:
0 | 7 | 6 | 5 | 9 | 0
1 | 2 | 5 | 6 | 6 | 9
3 | 1 | 6 | 7 | 7 | 3
3 | 5 | 2 | 8 | 8 | 4
4 | 3 | 8 | 9 | 9 | 5

==== 基础模式-第38局 =====
转轮ID: 转轮1=9(10), 转轮2=99(4), 转轮3=54(2), 转轮4=0(1), 转轮5=31(8), 转轮6=80(9), 转轮7=37(5)

--- 步骤 1 ---
符号矩阵:
 0 | 5 |  4 | 6 |  5 |  0
10 | 4 |  2 | 1 |  8 |  9
 9 | 3 |  8 | 2 |  9 | 10
 1 | 5 |  9 | 3 | 10 | 11
 1 | 2 | 10 | 4 |  1 |  2

==== 基础模式-第39局 =====
转轮ID: 转轮1=54(1), 转轮2=32(3), 转轮3=48(7), 转轮4=18(11), 转轮5=64(5), 转轮6=30(7), 转轮7=26(2)

--- 步骤 1 ---
符号矩阵:
0 | 4 | 5 |  4 | 2 |  0
1 | 3 | 7 | 11 | 5 |  7
5 | 2 | 2 |  8 | 6 |  8
3 | 1 | 6 |  9 | 7 |  9
4 | 3 | 7 | 10 | 8 | 10

==== 基础模式-第40局 =====
转轮ID: 转轮1=19(1), 转轮2=34(1), 转轮3=71(4), 转轮4=70(3), 转轮5=79(8), 转轮6=84(1), 转轮7=52(5)

--- 步骤 1 ---
符号矩阵:
0 | 9 | 4 | 3 |  5 | 0
1 | 1 | 4 | 3 |  8 | 1
8 | 3 | 2 | 3 |  9 | 2
5 | 1 | 7 | 1 | 10 | 3
9 | 1 | 2 | 2 | 11 | 4

==== 基础模式-第41局 =====
转轮ID: 转轮1=60(3), 转轮2=10(2), 转轮3=11(5), 转轮4=90(7), 转轮5=53(6), 转轮6=11(1), 转轮7=43(8)

--- 步骤 1 ---
符号矩阵:
0 | 7 | 1 |  3 | 8 | 0
3 | 2 | 5 |  7 | 6 | 1
6 | 1 | 2 |  8 | 7 | 1
3 | 3 | 5 |  9 | 8 | 9
4 | 4 | 7 | 10 | 9 | 3

==== 基础模式-第42局 =====
转轮ID: 转轮1=5(1), 转轮2=99(4), 转轮3=38(3), 转轮4=31(8), 转轮5=39(4), 转轮6=79(8), 转轮7=73(9)

--- 步骤 1 ---
符号矩阵:
0 | 5 | 8 |  3 | 9 |  0
1 | 4 | 3 |  8 | 4 |  8
7 | 3 | 7 |  9 | 5 |  9
8 | 5 | 5 | 10 | 6 | 10
9 | 2 | 6 |  4 | 7 | 11

==== 基础模式-第43局 =====
转轮ID: 转轮1=24(1), 转轮2=67(4), 转轮3=28(5), 转轮4=6(7), 转轮5=43(8), 转轮6=64(5), 转轮7=84(12)

--- 步骤 1 ---
符号矩阵:
0 |  4 | 3 |  9 | 12 | 0
1 |  4 | 5 |  7 |  8 | 5
3 |  4 | 6 |  8 |  9 | 6
3 | 10 | 7 |  9 | 10 | 7
4 | 11 | 2 | 10 |  1 | 8

==== 基础模式-第44局 =====
转轮ID: 转轮1=3(4), 转轮2=95(2), 转轮3=21(11), 转轮4=90(7), 转轮5=9(10), 转轮6=37(9), 转轮7=44(3)

--- 步骤 1 ---
符号矩阵:
0 | 2 |  7 |  1 |  3 | 0
4 | 2 | 11 |  7 | 10 | 9
5 | 1 |  7 |  8 |  1 | 3
1 | 4 |  6 |  9 |  1 | 4
7 | 3 |  2 | 10 |  1 | 5

==== 基础模式-第45局 =====
转轮ID: 转轮1=31(5), 转轮2=20(3), 转轮3=53(10), 转轮4=10(4), 转轮5=57(10), 转轮6=50(3), 转轮7=82(10)

--- 步骤 1 ---
符号矩阵:
 0 |  9 | 12 | 10 | 10 | 0
 5 |  3 | 10 |  4 | 10 | 3
 5 | 10 |  2 |  1 |  1 | 1
10 |  3 |  8 |  1 |  1 | 5
 1 |  8 |  9 |  2 |  1 | 6
中奖信息:
符号: 10, 连线数量: 5, 路数: 4, 符号赔率: 50.0, 奖金: 200.00
当局总奖金: 200.00
总奖金: 750.00

--- 步骤 2 ---
符号矩阵:
0 |  9 | 5 | 5 | 4 | 0
3 | 12 | 5 | 4 | 9 | 3
5 |  7 | 2 | 1 | 1 | 1
5 |  3 | 8 | 1 | 1 | 5
1 |  8 | 9 | 2 | 1 | 6
中奖信息:
符号: 5, 连线数量: 4, 路数: 4, 符号赔率: 5.0, 奖金: 20.00
当局总奖金: 220.00
总奖金: 770.00

--- 步骤 3 ---
符号矩阵:
 0 | 9 | 4 | 7 | 6 | 0
 3 | 3 | 7 | 4 | 9 | 3
12 | 7 | 2 | 1 | 1 | 1
 3 | 3 | 8 | 1 | 1 | 5
 1 | 8 | 9 | 2 | 1 | 6
中奖信息:
符号: 9, 连线数量: 3, 路数: 1, 符号赔率: 5.0, 奖金: 5.00
符号: 7, 连线数量: 4, 路数: 1, 符号赔率: 5.0, 奖金: 5.00
符号: 8, 连线数量: 3, 路数: 1, 符号赔率: 5.0, 奖金: 5.00
当局总奖金: 235.00
总奖金: 785.00

--- 步骤 4 ---
符号矩阵:
0 | 4 | 6 | 5 | 8 | 0
8 | 1 | 6 | 4 | 9 | 3
3 | 2 | 2 | 1 | 1 | 1
3 | 3 | 7 | 1 | 1 | 5
1 | 3 | 2 | 2 | 1 | 6

==== 基础模式-第46局 =====
转轮ID: 转轮1=15(4), 转轮2=46(1), 转轮3=42(5), 转轮4=59(3), 转轮5=10(1), 转轮6=19(8), 转轮7=53(3)

--- 步骤 1 ---
符号矩阵:
 0 | 1 |  9 | 4 | 3 |  0
 4 | 1 |  5 | 3 | 1 |  8
 1 | 2 |  8 | 1 | 1 |  9
11 | 1 |  9 | 2 | 1 | 10
 1 | 1 | 10 | 3 | 2 |  5

==== 基础模式-第47局 =====
转轮ID: 转轮1=86(11), 转轮2=95(2), 转轮3=60(5), 转轮4=8(9), 转轮5=85(2), 转轮6=95(1), 转轮7=7(6)

--- 步骤 1 ---
符号矩阵:
 0 | 4 | 3 |  9 | 6 | 0
11 | 2 | 5 |  9 | 2 | 1
 4 | 1 | 4 | 10 | 3 | 1
 5 | 4 | 3 |  4 | 4 | 2
 3 | 3 | 2 |  1 | 5 | 3
中奖信息:
符号: 4, 连线数量: 5, 路数: 2, 符号赔率: 6.0, 奖金: 12.00
符号: 3, 连线数量: 3, 路数: 2, 符号赔率: 2.0, 奖金: 4.00
当局总奖金: 16.00
总奖金: 801.00

--- 步骤 2 ---
符号矩阵:
 0 | 9 | 6 |  5 | 6 | 0
 7 | 1 | 2 |  8 | 1 | 1
 1 | 2 | 4 |  9 | 2 | 1
11 | 2 | 5 | 10 | 3 | 2
 5 | 1 | 2 |  1 | 5 | 3

==== 基础模式-第48局 =====
转轮ID: 转轮1=9(10), 转轮2=36(1), 转轮3=62(3), 转轮4=41(6), 转轮5=63(4), 转轮6=33(10), 转轮7=24(7)

--- 步骤 1 ---
符号矩阵:
 0 | 4 | 2 | 2 | 7 |  0
10 | 1 | 3 | 6 | 4 | 10
 9 | 1 | 2 | 7 | 5 |  9
 1 | 2 | 5 | 8 | 6 |  1
 1 | 2 | 7 | 9 | 7 |  1

==== 基础模式-第49局 =====
转轮ID: 转轮1=80(3), 转轮2=2(2), 转轮3=86(2), 转轮4=52(5), 转轮5=60(1), 转轮6=23(2), 转轮7=66(7)

--- 步骤 1 ---
符号矩阵:
0 | 5 | 1 | 8 | 7 | 0
3 | 2 | 2 | 5 | 1 | 2
4 | 1 | 4 | 6 | 2 | 1
1 | 5 | 5 | 7 | 3 | 9
3 | 3 | 6 | 8 | 4 | 3
中奖信息:
符号: 1, 连线数量: 3, 路数: 1, 符号赔率: 1.0, 奖金: 1.00
当局总奖金: 1.00
总奖金: 802.00

--- 步骤 2 ---
符号矩阵:
0 | 5 | 8 | 7 | 6 | 0
7 | 5 | 2 | 5 | 1 | 2
3 | 2 | 4 | 6 | 2 | 1
4 | 5 | 5 | 7 | 3 | 9
3 | 3 | 6 | 8 | 4 | 3

==== 基础模式-第50局 =====
转轮ID: 转轮1=64(2), 转轮2=37(1), 转轮3=85(11), 转轮4=19(8), 转轮5=31(8), 转轮6=22(5), 转轮7=13(5)

--- 步骤 1 ---
符号矩阵:
0 | 5 |  8 |  3 |  5 | 0
2 | 1 | 11 |  8 |  8 | 5
6 | 2 |  2 |  9 |  9 | 2
7 | 2 |  4 | 10 | 10 | 1
3 | 5 |  5 |  5 |  1 | 9
中奖信息:
符号: 2, 连线数量: 3, 路数: 2, 符号赔率: 1.0, 奖金: 2.00
当局总奖金: 2.00
总奖金: 804.00

--- 步骤 2 ---
符号矩阵:
0 | 5 |  8 |  3 |  5 | 0
4 | 1 |  1 |  8 |  8 | 5
6 | 3 | 11 |  9 |  9 | 2
7 | 1 |  4 | 10 | 10 | 1
3 | 5 |  5 |  5 |  1 | 9

==== 基础模式-第51局 =====
转轮ID: 转轮1=20(8), 转轮2=9(1), 转轮3=92(9), 转轮4=57(10), 转轮5=57(10), 转轮6=48(1), 转轮7=7(6)

--- 步骤 1 ---
符号矩阵:
0 | 4 |  3 |  9 |  6 | 0
8 | 1 |  9 | 10 | 10 | 1
5 | 2 | 10 | 11 |  1 | 2
9 | 1 |  2 |  3 |  1 | 3
1 | 3 |  2 |  1 |  1 | 1

==== 基础模式-第52局 =====
转轮ID: 转轮1=1(1), 转轮2=53(1), 转轮3=36(1), 转轮4=42(7), 转轮5=49(2), 转轮6=91(8), 转轮7=5(6)

--- 步骤 1 ---
符号矩阵:
0 | 9 | 6 |  5 | 6 |  0
1 | 1 | 1 |  7 | 2 |  8
3 | 1 | 5 |  8 | 3 |  9
4 | 8 | 3 |  9 | 4 | 10
5 | 3 | 7 | 10 | 5 |  2
中奖信息:
符号: 1, 连线数量: 3, 路数: 2, 符号赔率: 1.0, 奖金: 2.00
符号: 3, 连线数量: 3, 路数: 1, 符号赔率: 2.0, 奖金: 2.00
当局总奖金: 4.00
总奖金: 808.00

--- 步骤 2 ---
符号矩阵:
 0 | 9 | 6 |  5 | 6 |  0
 1 | 2 | 6 |  7 | 2 |  8
10 | 4 | 3 |  8 | 3 |  9
 4 | 3 | 5 |  9 | 4 | 10
 5 | 8 | 7 | 10 | 5 |  2

==== 基础模式-第53局 =====
转轮ID: 转轮1=21(5), 转轮2=83(1), 转轮3=58(4), 转轮4=0(1), 转轮5=56(9), 转轮6=24(1), 转轮7=10(4)

--- 步骤 1 ---
符号矩阵:
0 | 5 | 9 | 12 |  4 | 0
5 | 1 | 4 |  1 |  9 | 1
9 | 2 | 2 |  2 | 10 | 9
1 | 3 | 5 |  3 |  1 | 3
1 | 3 | 4 |  4 |  1 | 4
中奖信息:
符号: 5, 连线数量: 4, 路数: 1, 符号赔率: 5.0, 奖金: 5.00
当局总奖金: 5.00
总奖金: 813.00

--- 步骤 2 ---
符号矩阵:
0 | 9 |  4 | 3 |  9 | 0
8 | 1 | 12 | 1 |  9 | 1
9 | 2 | 10 | 2 | 10 | 9
1 | 3 |  2 | 3 |  1 | 3
1 | 3 |  4 | 4 |  1 | 4
中奖信息:
符号: 9, 连线数量: 3, 路数: 1, 符号赔率: 5.0, 奖金: 5.00
符号: 1, 连线数量: 6, 路数: 4, 符号赔率: 8.0, 奖金: 32.00
当局总奖金: 42.00
总奖金: 850.00

--- 步骤 3 ---
符号矩阵:
 0 |  4 |  3 | 9 |  6 | 0
 1 | 11 |  9 | 4 |  8 | 2
 1 | 12 | 10 | 2 |  7 | 9
11 |  3 |  2 | 3 |  9 | 3
 8 |  3 |  4 | 4 | 10 | 4

==== 基础模式-第54局 =====
转轮ID: 转轮1=11(1), 转轮2=66(1), 转轮3=97(2), 转轮4=33(10), 转轮5=9(10), 转轮6=0(1), 转轮7=68(1)

--- 步骤 1 ---
符号矩阵:
0 |  1 | 4 |  5 |  1 | 0
1 |  1 | 2 | 10 | 10 | 1
1 |  4 | 3 |  4 |  1 | 2
5 |  4 | 2 |  1 |  1 | 3
6 | 10 | 4 |  1 |  1 | 1

==== 基础模式-第55局 =====
转轮ID: 转轮1=14(6), 转轮2=54(1), 转轮3=82(2), 转轮4=86(3), 转轮5=5(6), 转轮6=44(9), 转轮7=12(9)

--- 步骤 1 ---
符号矩阵:
 0 | 8 |  3 | 5 | 9 |  0
 6 | 1 |  2 | 3 | 6 |  9
 4 | 8 |  1 | 4 | 7 | 10
 1 | 3 |  1 | 5 | 8 |  2
11 | 9 | 11 | 6 | 9 |  4
中奖信息:
符号: 1, 连线数量: 3, 路数: 2, 符号赔率: 1.0, 奖金: 2.00
当局总奖金: 2.00
总奖金: 852.00

--- 步骤 2 ---
符号矩阵:
 0 | 8 |  3 | 5 | 9 |  0
 5 | 1 | 10 | 3 | 6 |  9
 6 | 8 |  9 | 4 | 7 | 10
 4 | 3 |  2 | 5 | 8 |  2
11 | 9 | 11 | 6 | 9 |  4

==== 基础模式-第56局 =====
转轮ID: 转轮1=41(5), 转轮2=74(3), 转轮3=18(2), 转轮4=72(1), 转轮5=42(7), 转轮6=12(1), 转轮7=87(4)

--- 步骤 1 ---
符号矩阵:
0 | 7 |  6 | 5 |  4 | 0
5 | 3 |  2 | 1 |  7 | 1
8 | 4 |  8 | 2 |  8 | 9
3 | 2 |  9 | 3 |  9 | 3
4 | 3 | 11 | 4 | 10 | 1

==== 基础模式-第57局 =====
转轮ID: 转轮1=87(4), 转轮2=97(4), 转轮3=47(5), 转轮4=16(5), 转轮5=72(1), 转轮6=28(5), 转轮7=29(4)

--- 步骤 1 ---
符号矩阵:
0 | 6 | 1 |  2 | 4 | 0
4 | 4 | 5 |  5 | 1 | 5
5 | 3 | 7 |  6 | 2 | 6
3 | 4 | 2 | 11 | 3 | 7
7 | 3 | 6 |  8 | 4 | 8

==== 基础模式-第58局 =====
转轮ID: 转轮1=1(1), 转轮2=25(4), 转轮3=85(11), 转轮4=71(3), 转轮5=62(3), 转轮6=4(5), 转轮7=0(7)

--- 步骤 1 ---
符号矩阵:
0 | 6 |  5 | 7 | 7 | 0
1 | 4 | 11 | 3 | 3 | 5
3 | 2 |  2 | 1 | 4 | 6
4 | 1 |  4 | 2 | 5 | 7
5 | 3 |  5 | 3 | 6 | 8
中奖信息:
符号: 4, 连线数量: 3, 路数: 1, 符号赔率: 2.0, 奖金: 2.00
当局总奖金: 2.00
总奖金: 854.00

--- 步骤 2 ---
符号矩阵:
0 | 6 |  5 | 7 | 7 | 0
1 | 1 |  1 | 3 | 3 | 5
1 | 2 | 11 | 1 | 4 | 6
3 | 1 |  2 | 2 | 5 | 7
5 | 3 |  5 | 3 | 6 | 8
中奖信息:
符号: 1, 连线数量: 4, 路数: 4, 符号赔率: 3.0, 奖金: 12.00
当局总奖金: 14.00
总奖金: 866.00

--- 步骤 3 ---
符号矩阵:
 0 | 6 |  5 | 7 | 7 | 0
10 | 8 |  1 | 3 | 3 | 5
 9 | 3 | 11 | 3 | 4 | 6
 3 | 2 |  2 | 2 | 5 | 7
 5 | 3 |  5 | 3 | 6 | 8

==== 基础模式-第59局 =====
转轮ID: 转轮1=95(7), 转轮2=18(3), 转轮3=46(5), 转轮4=30(7), 转轮5=10(1), 转轮6=30(7), 转轮7=3(6)

--- 步骤 1 ---
符号矩阵:
0 |  5 | 6 |  5 | 6 |  0
7 |  3 | 5 |  7 | 1 |  7
1 |  7 | 5 |  8 | 1 |  8
2 |  3 | 7 |  9 | 1 |  9
9 | 10 | 2 | 10 | 2 | 10
中奖信息:
符号: 7, 连线数量: 4, 路数: 1, 符号赔率: 5.0, 奖金: 5.00
当局总奖金: 5.00
总奖金: 871.00

--- 步骤 2 ---
符号矩阵:
0 |  5 |  6 |  5 | 6 |  0
1 |  1 | 10 |  6 | 1 |  7
1 |  3 |  5 |  8 | 1 |  8
2 |  3 |  5 |  9 | 1 |  9
9 | 10 |  2 | 10 | 2 | 10

==== 基础模式-第60局 =====
转轮ID: 转轮1=49(3), 转轮2=26(2), 转轮3=53(10), 转轮4=9(10), 转轮5=31(8), 转轮6=25(9), 转轮7=33(4)

--- 步骤 1 ---
符号矩阵:
 0 | 1 | 12 |  8 |  4 | 0
 3 | 2 | 10 | 10 |  8 | 9
11 | 1 |  2 |  4 |  9 | 3
 4 | 3 |  8 |  1 | 10 | 4
 1 | 3 |  9 |  1 |  1 | 5
中奖信息:
符号: 1, 连线数量: 5, 路数: 4, 符号赔率: 5.0, 奖金: 20.00
符号: 3, 连线数量: 3, 路数: 2, 符号赔率: 2.0, 奖金: 4.00
当局总奖金: 24.00
总奖金: 895.00

--- 步骤 2 ---
符号矩阵:
 0 |  8 |  4 |  6 |  1 | 0
 1 | 12 | 10 |  9 |  7 | 9
 5 |  4 |  2 |  8 |  8 | 3
11 |  1 |  8 | 10 |  9 | 4
 4 |  8 |  9 |  4 | 10 | 5
中奖信息:
符号: 4, 连线数量: 4, 路数: 2, 符号赔率: 4.0, 奖金: 8.00
当局总奖金: 32.00
总奖金: 903.00

--- 步骤 3 ---
符号矩阵:
 0 |  8 |  6 |  1 |  2 | 0
 6 |  3 | 10 |  7 |  7 | 9
12 | 10 |  2 |  9 |  8 | 3
 1 |  1 |  8 |  8 |  9 | 4
11 |  8 |  9 | 10 | 10 | 5
中奖信息:
符号: 8, 连线数量: 5, 路数: 2, 符号赔率: 15.0, 奖金: 30.00
符号: 10, 连线数量: 5, 路数: 1, 符号赔率: 50.0, 奖金: 50.00
当局总奖金: 112.00
总奖金: 983.00

--- 步骤 4 ---
符号矩阵:
 0 | 6 | 1 | 2 | 4 | 0
 2 | 3 | 5 | 6 | 6 | 9
 6 | 7 | 7 | 5 | 5 | 3
 1 | 3 | 2 | 7 | 7 | 4
11 | 1 | 9 | 9 | 9 | 5
中奖信息:
符号: 1, 连线数量: 3, 路数: 1, 符号赔率: 1.0, 奖金: 1.00
当局总奖金: 113.00
总奖金: 984.00

--- 步骤 5 ---
符号矩阵:
 0 | 6 | 2 | 4 | 5 | 0
 4 | 3 | 5 | 6 | 6 | 9
 2 | 3 | 7 | 5 | 5 | 3
 6 | 7 | 2 | 7 | 7 | 4
11 | 3 | 9 | 9 | 9 | 5

==== 基础模式-第61局 =====
转轮ID: 转轮1=87(4), 转轮2=75(4), 转轮3=23(6), 转轮4=52(5), 转轮5=55(8), 转轮6=38(3), 转轮7=65(6)

--- 步骤 1 ---
符号矩阵:
0 | 1 | 8 | 7 |  6 | 0
4 | 4 | 6 | 5 |  8 | 3
5 | 2 | 2 | 6 |  9 | 4
3 | 3 | 5 | 7 | 10 | 5
7 | 3 | 2 | 8 |  1 | 6

==== 基础模式-第62局 =====
转轮ID: 转轮1=66(7), 转轮2=6(7), 转轮3=93(10), 转轮4=31(8), 转轮5=86(3), 转轮6=16(5), 转轮7=4(5)

--- 步骤 1 ---
符号矩阵:
0 | 6 |  5 |  6 | 5 | 0
7 | 7 | 10 |  8 | 3 | 5
3 | 8 |  2 |  9 | 4 | 6
9 | 9 |  2 | 10 | 5 | 7
4 | 1 |  1 |  4 | 6 | 8

==== 基础模式-第63局 =====
转轮ID: 转轮1=90(7), 转轮2=86(3), 转轮3=38(3), 转轮4=88(5), 转轮5=64(5), 转轮6=41(6), 转轮7=84(12)

--- 步骤 1 ---
符号矩阵:
 0 | 4 | 3 | 9 | 12 | 0
 7 | 3 | 3 | 5 |  5 | 6
 2 | 4 | 7 | 6 |  6 | 7
 4 | 2 | 5 | 7 |  7 | 8
10 | 3 | 6 | 8 |  8 | 9

==== 基础模式-第64局 =====
转轮ID: 转轮1=11(1), 转轮2=5(3), 转轮3=34(3), 转轮4=62(3), 转轮5=38(3), 转轮6=54(7), 转轮7=47(2)

--- 步骤 1 ---
符号矩阵:
0 | 10 | 7 | 1 | 2 |  0
1 |  3 | 3 | 3 | 3 |  7
1 |  7 | 6 | 4 | 4 |  8
5 |  8 | 1 | 5 | 5 |  9
6 |  9 | 5 | 6 | 6 | 10

==== 基础模式-第65局 =====
转轮ID: 转轮1=31(5), 转轮2=80(9), 转轮3=58(4), 转轮4=97(2), 转轮5=87(4), 转轮6=15(1), 转轮7=69(5)

--- 步骤 1 ---
符号矩阵:
 0 |  1 | 1 | 4 | 5 | 0
 5 |  9 | 4 | 2 | 4 | 1
 5 | 10 | 2 | 3 | 5 | 5
10 | 11 | 5 | 4 | 6 | 6
 1 |  1 | 4 | 1 | 7 | 7
中奖信息:
符号: 1, 连线数量: 4, 路数: 2, 符号赔率: 3.0, 奖金: 6.00
当局总奖金: 6.00
总奖金: 990.00

--- 步骤 2 ---
符号矩阵:
 0 |  4 | 5 | 1 | 8 | 0
 3 |  6 | 4 | 1 | 4 | 1
 5 |  9 | 2 | 2 | 5 | 5
 5 | 10 | 5 | 3 | 6 | 6
10 | 11 | 4 | 4 | 7 | 7

==== 基础模式-第66局 =====
转轮ID: 转轮1=99(10), 转轮2=98(3), 转轮3=56(9), 转轮4=6(7), 转轮5=61(2), 转轮6=6(7), 转轮7=60(1)

--- 步骤 1 ---
符号矩阵:
 0 | 9 |  5 |  2 | 1 |  0
10 | 3 |  9 |  7 | 2 |  7
 1 | 4 | 10 |  8 | 3 |  8
 1 | 3 |  4 |  9 | 4 |  9
 3 | 5 |  2 | 10 | 5 | 10

==== 基础模式-第67局 =====
转轮ID: 转轮1=81(4), 转轮2=27(1), 转轮3=81(10), 转轮4=81(10), 转轮5=68(9), 转轮6=54(7), 转轮7=60(1)

--- 步骤 1 ---
符号矩阵:
0 | 9 |  5 |  2 |  1 |  0
4 | 1 | 10 | 10 |  9 |  7
1 | 3 |  2 | 11 | 10 |  8
3 | 3 |  1 |  1 | 11 |  9
1 | 4 |  1 |  1 |  3 | 10
中奖信息:
符号: 1, 连线数量: 5, 路数: 8, 符号赔率: 5.0, 奖金: 40.00
当局总奖金: 40.00
总奖金: 1030.00

--- 步骤 2 ---
符号矩阵:
0 | 9 |  5 |  2 |  3 |  0
3 | 2 |  9 |  9 |  9 |  7
7 | 3 |  8 |  8 | 10 |  8
4 | 3 | 10 | 10 | 11 |  9
3 | 4 |  2 | 11 |  3 | 10

==== 基础模式-第68局 =====
转轮ID: 转轮1=12(1), 转轮2=38(2), 转轮3=32(11), 转轮4=66(7), 转轮5=5(6), 转轮6=56(9), 转轮7=98(3)

--- 步骤 1 ---
符号矩阵:
0 | 7 |  7 | 10 | 3 |  0
1 | 2 | 11 |  7 | 6 |  9
5 | 2 | 10 |  8 | 7 | 10
6 | 5 |  3 |  9 | 8 |  2
4 | 2 |  6 | 10 | 9 |  2

==== 基础模式-第69局 =====
转轮ID: 转轮1=86(11), 转轮2=20(3), 转轮3=14(7), 转轮4=99(4), 转轮5=8(9), 转轮6=71(4), 转轮7=45(1)

--- 步骤 1 ---
符号矩阵:
 0 |  1 | 2 | 7 |  1 | 0
11 |  3 | 7 | 4 |  9 | 4
 4 | 10 | 1 | 1 | 10 | 1
 5 |  3 | 5 | 2 |  1 | 2
 3 |  8 | 6 | 3 |  1 | 2

==== 基础模式-第70局 =====
转轮ID: 转轮1=58(11), 转轮2=66(1), 转轮3=81(10), 转轮4=81(10), 转轮5=73(2), 转轮6=6(7), 转轮7=19(8)

--- 步骤 1 ---
符号矩阵:
 0 |  2 |  4 |  5 | 8 |  0
11 |  1 | 10 | 10 | 2 |  7
 5 |  4 |  2 | 11 | 3 |  8
 3 |  4 |  1 |  1 | 4 |  9
 6 | 10 |  1 |  1 | 5 | 10

==== 基础模式-第71局 =====
转轮ID: 转轮1=28(8), 转轮2=59(3), 转轮3=5(6), 转轮4=44(9), 转轮5=15(4), 转轮6=75(4), 转轮7=73(9)

--- 步骤 1 ---
符号矩阵:
0 | 5 | 8 |  3 | 9 | 0
8 | 3 | 6 |  9 | 4 | 4
3 | 1 | 1 | 10 | 5 | 5
3 | 1 | 8 |  4 | 6 | 6
5 | 4 | 9 |  2 | 7 | 7

==== 基础模式-第72局 =====
转轮ID: 转轮1=35(6), 转轮2=79(6), 转轮3=15(1), 转轮4=34(4), 转轮5=95(1), 转轮6=62(3), 转轮7=46(7)

--- 步骤 1 ---
符号矩阵:
0 |  7 | 1 | 2 | 7 | 0
6 |  6 | 1 | 4 | 1 | 3
1 |  9 | 5 | 1 | 1 | 4
5 | 10 | 6 | 1 | 2 | 5
3 | 11 | 2 | 2 | 3 | 6
中奖信息:
符号: 6, 连线数量: 3, 路数: 1, 符号赔率: 3.0, 奖金: 3.00
当局总奖金: 3.00
总奖金: 1033.00

--- 步骤 2 ---
符号矩阵:
0 |  7 | 1 | 2 | 7 | 0
1 |  3 | 7 | 4 | 1 | 3
1 |  9 | 1 | 1 | 1 | 4
5 | 10 | 5 | 1 | 2 | 5
3 | 11 | 2 | 2 | 3 | 6

==== 基础模式-第73局 =====
转轮ID: 转轮1=19(1), 转轮2=48(1), 转轮3=69(2), 转轮4=0(1), 转轮5=87(4), 转轮6=65(6), 转轮7=36(1)

--- 步骤 1 ---
符号矩阵:
0 | 4 | 6 | 5 | 1 | 0
1 | 1 | 2 | 1 | 4 | 6
8 | 1 | 7 | 2 | 5 | 7
5 | 3 | 4 | 3 | 6 | 8
9 | 4 | 2 | 4 | 7 | 9

==== 基础模式-第74局 =====
转轮ID: 转轮1=8(9), 转轮2=14(2), 转轮3=24(2), 转轮4=96(1), 转轮5=57(10), 转轮6=15(1), 转轮7=72(1)

--- 步骤 1 ---
符号矩阵:
 0 | 8 | 3 | 9 |  1 | 0
 9 | 2 | 2 | 1 | 10 | 1
10 | 4 | 5 | 2 |  1 | 5
 9 | 2 | 2 | 3 |  1 | 6
 1 | 1 | 2 | 4 |  1 | 7

==== 基础模式-第75局 =====
转轮ID: 转轮1=79(7), 转轮2=6(7), 转轮3=19(8), 转轮4=94(4), 转轮5=78(7), 转轮6=65(6), 转轮7=54(4)

--- 步骤 1 ---
符号矩阵:
0 | 5 |  1 | 9 |  4 | 0
7 | 7 |  8 | 4 |  7 | 6
3 | 8 |  9 | 1 |  8 | 7
4 | 9 | 11 | 1 |  9 | 8
1 | 1 |  7 | 2 | 10 | 9
中奖信息:
符号: 1, 连线数量: 4, 路数: 2, 符号赔率: 3.0, 奖金: 6.00
符号: 7, 连线数量: 3, 路数: 1, 符号赔率: 3.0, 奖金: 3.00
当局总奖金: 9.00
总奖金: 1042.00

--- 步骤 2 ---
符号矩阵:
0 | 5 |  9 |  4 |  3 | 0
1 | 3 |  2 | 10 |  7 | 6
3 | 5 |  8 |  9 |  8 | 7
3 | 8 |  9 |  4 |  9 | 8
4 | 9 | 11 |  2 | 10 | 9

==== 基础模式-第76局 =====
转轮ID: 转轮1=28(8), 转轮2=39(2), 转轮3=28(5), 转轮4=43(8), 转轮5=19(8), 转轮6=81(10), 转轮7=69(5)

--- 步骤 1 ---
符号矩阵:
0 | 1 | 1 |  4 |  5 |  0
8 | 2 | 5 |  8 |  8 | 10
3 | 5 | 6 |  9 |  9 | 11
3 | 2 | 7 | 10 | 10 |  2
5 | 1 | 2 |  4 | 11 |  1
中奖信息:
符号: 5, 连线数量: 3, 路数: 1, 符号赔率: 3.0, 奖金: 3.00
当局总奖金: 3.00
总奖金: 1045.00

--- 步骤 2 ---
符号矩阵:
0 | 1 | 1 |  4 |  5 |  0
4 | 2 | 2 |  8 |  8 | 10
8 | 2 | 6 |  9 |  9 | 11
3 | 2 | 7 | 10 | 10 |  2
3 | 1 | 2 |  4 | 11 |  1

==== 基础模式-第77局 =====
转轮ID: 转轮1=23(1), 转轮2=27(1), 转轮3=15(1), 转轮4=73(2), 转轮5=50(3), 转轮6=55(8), 转轮7=67(8)

--- 步骤 1 ---
符号矩阵:
0 | 4 | 5 | 1 | 8 |  0
1 | 1 | 1 | 2 | 3 |  8
1 | 3 | 5 | 3 | 4 |  9
3 | 3 | 6 | 4 | 5 | 10
3 | 4 | 2 | 5 | 6 |  2
中奖信息:
符号: 1, 连线数量: 4, 路数: 2, 符号赔率: 3.0, 奖金: 6.00
当局总奖金: 6.00
总奖金: 1051.00

--- 步骤 2 ---
符号矩阵:
0 | 4 | 5 | 8 | 7 |  0
9 | 2 | 7 | 2 | 3 |  8
5 | 3 | 5 | 3 | 4 |  9
3 | 3 | 6 | 4 | 5 | 10
3 | 4 | 2 | 5 | 6 |  2

==== 基础模式-第78局 =====
转轮ID: 转轮1=23(1), 转轮2=74(3), 转轮3=25(5), 转轮4=53(6), 转轮5=50(3), 转轮6=32(9), 转轮7=63(9)

--- 步骤 1 ---
符号矩阵:
0 | 7 | 6 | 5 | 9 |  0
1 | 3 | 5 | 6 | 3 |  9
1 | 4 | 2 | 7 | 4 | 10
3 | 2 | 2 | 8 | 5 |  9
3 | 3 | 5 | 9 | 6 |  1

==== 基础模式-第79局 =====
转轮ID: 转轮1=76(5), 转轮2=12(3), 转轮3=57(10), 转轮4=41(6), 转轮5=69(10), 转轮6=66(7), 转轮7=23(12)

--- 步骤 1 ---
符号矩阵:
0 | 2 |  2 | 7 | 12 |  0
5 | 3 | 10 | 6 | 10 |  7
3 | 4 |  4 | 7 | 11 |  8
1 | 2 |  2 | 8 |  3 |  9
7 | 4 |  5 | 9 |  1 | 10

==== 基础模式-第80局 =====
转轮ID: 转轮1=49(3), 转轮2=39(2), 转轮3=21(11), 转轮4=83(1), 转轮5=72(1), 转轮6=59(2), 转轮7=16(5)

--- 步骤 1 ---
符号矩阵:
 0 | 8 |  6 | 4 | 5 | 0
 3 | 2 | 11 | 1 | 1 | 2
11 | 5 |  7 | 1 | 2 | 1
 4 | 2 |  6 | 2 | 3 | 2
 1 | 1 |  2 | 3 | 4 | 3

==== 基础模式-第81局 =====
转轮ID: 转轮1=56(3), 转轮2=14(2), 转轮3=6(1), 转轮4=68(9), 转轮5=10(1), 转轮6=94(2), 转轮7=24(7)

--- 步骤 1 ---
符号矩阵:
 0 | 4 |  2 |  2 | 7 | 0
 3 | 2 |  1 |  9 | 1 | 2
 4 | 4 |  8 | 10 | 1 | 1
11 | 2 |  9 |  3 | 1 | 1
 5 | 1 | 10 |  3 | 2 | 2

==== 基础模式-第82局 =====
转轮ID: 转轮1=94(1), 转轮2=58(6), 转轮3=58(4), 转轮4=85(2), 转轮5=34(1), 转轮6=67(8), 转轮7=33(4)

--- 步骤 1 ---
符号矩阵:
0 | 1 | 12 | 8 | 4 |  0
1 | 6 |  4 | 2 | 1 |  8
7 | 3 |  2 | 3 | 1 |  9
1 | 1 |  5 | 4 | 1 | 10
2 | 1 |  4 | 5 | 2 | 11
中奖信息:
符号: 1, 连线数量: 3, 路数: 6, 符号赔率: 1.0, 奖金: 6.00
当局总奖金: 6.00
总奖金: 1057.00

--- 步骤 2 ---
符号矩阵:
 0 |  8 | 4 | 6 | 1 |  0
10 | 12 | 4 | 2 | 1 |  8
 4 |  9 | 2 | 3 | 1 |  9
 7 |  3 | 5 | 4 | 1 | 10
 2 |  3 | 4 | 5 | 2 | 11
中奖信息:
符号: 4, 连线数量: 4, 路数: 3, 符号赔率: 4.0, 奖金: 12.00
符号: 2, 连线数量: 5, 路数: 1, 符号赔率: 5.0, 奖金: 5.00
当局总奖金: 23.00
总奖金: 1074.00

--- 步骤 3 ---
符号矩阵:
 0 | 8 |  6 | 1 |  2 |  0
 2 | 8 | 10 | 1 | 10 |  8
12 | 9 |  9 | 1 |  1 |  9
10 | 3 |  8 | 3 |  1 | 10
 7 | 3 |  5 | 5 |  1 | 11
中奖信息:
符号: 8, 连线数量: 3, 路数: 2, 符号赔率: 5.0, 奖金: 10.00
符号: 9, 连线数量: 3, 路数: 1, 符号赔率: 5.0, 奖金: 5.00
当局总奖金: 38.00
总奖金: 1089.00

--- 步骤 4 ---
符号矩阵:
 0 | 6 |  1 | 2 |  4 |  0
 7 | 1 |  2 | 1 | 10 |  8
 2 | 1 | 10 | 1 |  1 |  9
10 | 3 | 10 | 3 |  1 | 10
 7 | 3 |  5 | 5 |  1 | 11

==== 基础模式-第83局 =====
转轮ID: 转轮1=30(3), 转轮2=54(1), 转轮3=73(7), 转轮4=59(3), 转轮5=83(1), 转轮6=39(4), 转轮7=66(7)

--- 步骤 1 ---
符号矩阵:
 0 | 5 | 1 | 8 | 7 | 0
 3 | 1 | 7 | 3 | 1 | 4
 5 | 8 | 2 | 1 | 1 | 5
 5 | 3 | 4 | 2 | 2 | 6
10 | 9 | 5 | 3 | 3 | 7
中奖信息:
符号: 5, 连线数量: 3, 路数: 2, 符号赔率: 3.0, 奖金: 6.00
当局总奖金: 6.00
总奖金: 1095.00

--- 步骤 2 ---
符号矩阵:
 0 | 1 | 8 | 7 | 6 | 0
 3 | 1 | 2 | 3 | 1 | 4
 8 | 8 | 7 | 1 | 1 | 5
 3 | 3 | 2 | 2 | 2 | 6
10 | 9 | 4 | 3 | 3 | 7
中奖信息:
符号: 8, 连线数量: 3, 路数: 1, 符号赔率: 5.0, 奖金: 5.00
当局总奖金: 11.00
总奖金: 1100.00

--- 步骤 3 ---
符号矩阵:
 0 | 1 | 7 | 6 | 5 | 0
 4 | 1 | 2 | 3 | 1 | 4
 3 | 1 | 7 | 1 | 1 | 5
 3 | 3 | 2 | 2 | 2 | 6
10 | 9 | 4 | 3 | 3 | 7

==== 基础模式-第84局 =====
转轮ID: 转轮1=96(1), 转轮2=55(8), 转轮3=48(7), 转轮4=75(4), 转轮5=92(9), 转轮6=97(2), 转轮7=67(8)

--- 步骤 1 ---
符号矩阵:
 0 | 4 | 5 | 1 |  8 | 0
 1 | 8 | 7 | 4 |  9 | 2
 2 | 3 | 2 | 5 | 10 | 3
 9 | 9 | 6 | 6 |  1 | 4
10 | 6 | 7 | 7 |  1 | 1

==== 基础模式-第85局 =====
转轮ID: 转轮1=23(1), 转轮2=93(2), 转轮3=41(6), 转轮4=3(4), 转轮5=60(1), 转轮6=29(6), 转轮7=95(9)

--- 步骤 1 ---
符号矩阵:
0 | 3 | 2 | 9 | 9 | 0
1 | 2 | 6 | 4 | 1 | 6
1 | 1 | 5 | 5 | 2 | 7
3 | 2 | 8 | 6 | 3 | 8
3 | 1 | 9 | 7 | 4 | 9

==== 基础模式-第86局 =====
转轮ID: 转轮1=63(4), 转轮2=66(1), 转轮3=1(2), 转轮4=97(2), 转轮5=34(1), 转轮6=59(2), 转轮7=60(1)

--- 步骤 1 ---
符号矩阵:
0 |  9 | 5 | 2 | 1 | 0
4 |  1 | 2 | 2 | 1 | 2
2 |  4 | 7 | 3 | 1 | 1
6 |  4 | 5 | 4 | 1 | 2
7 | 10 | 5 | 1 | 2 | 3

==== 基础模式-第87局 =====
转轮ID: 转轮1=64(2), 转轮2=3(1), 转轮3=33(10), 转轮4=9(10), 转轮5=38(3), 转轮6=40(5), 转轮7=31(1)

--- 步骤 1 ---
符号矩阵:
0 | 8 |  4 |  6 | 1 | 0
2 | 1 | 10 | 10 | 3 | 5
6 | 5 |  3 |  4 | 4 | 6
7 | 3 |  6 |  1 | 5 | 7
3 | 7 |  1 |  1 | 6 | 8
中奖信息:
符号: 3, 连线数量: 3, 路数: 1, 符号赔率: 2.0, 奖金: 2.00
当局总奖金: 2.00
总奖金: 1102.00

--- 步骤 2 ---
符号矩阵:
0 | 8 |  4 |  6 | 1 | 0
4 | 2 | 11 | 10 | 3 | 5
2 | 1 | 10 |  4 | 4 | 6
6 | 5 |  6 |  1 | 5 | 7
7 | 7 |  1 |  1 | 6 | 8

==== 基础模式-第88局 =====
转轮ID: 转轮1=87(4), 转轮2=1(5), 转轮3=79(8), 转轮4=70(3), 转轮5=68(9), 转轮6=99(4), 转轮7=24(7)

--- 步骤 1 ---
符号矩阵:
0 | 4 |  2 | 2 |  7 | 0
4 | 5 |  8 | 3 |  9 | 4
5 | 2 |  9 | 3 | 10 | 1
3 | 1 | 10 | 1 | 11 | 2
7 | 5 |  2 | 2 |  3 | 3

==== 基础模式-第89局 =====
转轮ID: 转轮1=7(8), 转轮2=77(3), 转轮3=47(5), 转轮4=90(7), 转轮5=92(9), 转轮6=85(2), 转轮7=3(6)

--- 步骤 1 ---
符号矩阵:
 0 | 5 | 6 |  5 |  6 | 0
 8 | 3 | 5 |  7 |  9 | 2
 9 | 3 | 7 |  8 | 10 | 3
10 | 6 | 2 |  9 |  1 | 4
 9 | 9 | 6 | 10 |  1 | 5

==== 基础模式-第90局 =====
转轮ID: 转轮1=6(7), 转轮2=40(5), 转轮3=27(2), 转轮4=73(2), 转轮5=26(3), 转轮6=28(5), 转轮7=97(2)

--- 步骤 1 ---
符号矩阵:
 0 | 7 | 10 | 3 | 2 | 0
 7 | 5 |  2 | 2 | 3 | 5
 8 | 2 |  5 | 3 | 4 | 6
 9 | 1 |  6 | 4 | 5 | 7
10 | 3 |  7 | 5 | 6 | 8
中奖信息:
符号: 7, 连线数量: 3, 路数: 1, 符号赔率: 3.0, 奖金: 3.00
当局总奖金: 3.00
总奖金: 1105.00

--- 步骤 2 ---
符号矩阵:
 0 | 10 | 3 | 2 | 9 | 0
 1 |  5 | 2 | 2 | 3 | 5
 8 |  2 | 2 | 3 | 4 | 6
 9 |  1 | 5 | 4 | 5 | 7
10 |  3 | 6 | 5 | 6 | 8

==== 基础模式-第91局 =====
转轮ID: 转轮1=73(3), 转轮2=67(4), 转轮3=33(10), 转轮4=0(1), 转轮5=38(3), 转轮6=79(8), 转轮7=4(5)

--- 步骤 1 ---
符号矩阵:
 0 |  6 |  5 | 6 | 5 |  0
 3 |  4 | 10 | 1 | 3 |  8
10 |  4 |  3 | 2 | 4 |  9
 4 | 10 |  6 | 3 | 5 | 10
 5 | 11 |  1 | 4 | 6 | 11
中奖信息:
符号: 10, 连线数量: 3, 路数: 1, 符号赔率: 10.0, 奖金: 10.00
当局总奖金: 10.00
总奖金: 1115.00

--- 步骤 2 ---
符号矩阵:
0 |  6 |  5 | 6 | 5 |  0
1 |  1 | 11 | 1 | 3 |  8
3 |  4 |  3 | 2 | 4 |  9
4 |  4 |  6 | 3 | 5 | 10
5 | 11 |  1 | 4 | 6 | 11
中奖信息:
符号: 1, 连线数量: 4, 路数: 1, 符号赔率: 3.0, 奖金: 3.00
当局总奖金: 13.00
总奖金: 1118.00

--- 步骤 3 ---
符号矩阵:
0 |  6 |  5 | 6 | 5 |  0
3 |  3 |  2 | 4 | 3 |  8
3 |  4 | 11 | 2 | 4 |  9
4 |  4 |  3 | 3 | 5 | 10
5 | 11 |  6 | 4 | 6 | 11
中奖信息:
符号: 3, 连线数量: 5, 路数: 2, 符号赔率: 6.0, 奖金: 12.00
当局总奖金: 25.00
总奖金: 1130.00

--- 步骤 4 ---
符号矩阵:
0 |  6 |  5 | 6 | 5 |  0
4 |  1 |  7 | 3 | 2 |  8
4 |  4 |  2 | 4 | 4 |  9
4 |  4 | 11 | 2 | 5 | 10
5 | 11 |  6 | 4 | 6 | 11

==== 基础模式-第92局 =====
转轮ID: 转轮1=76(5), 转轮2=0(3), 转轮3=87(4), 转轮4=59(3), 转轮5=63(4), 转轮6=24(1), 转轮7=9(3)

--- 步骤 1 ---
符号矩阵:
0 | 9 | 12 | 4 | 3 | 0
5 | 3 |  4 | 3 | 4 | 1
3 | 5 |  5 | 1 | 5 | 9
1 | 2 |  6 | 2 | 6 | 3
7 | 1 |  7 | 3 | 7 | 4
中奖信息:
符号: 3, 连线数量: 6, 路数: 2, 符号赔率: 10.0, 奖金: 20.00
符号: 5, 连线数量: 3, 路数: 2, 符号赔率: 3.0, 奖金: 6.00
符号: 1, 连线数量: 4, 路数: 1, 符号赔率: 3.0, 奖金: 3.00
当局总奖金: 29.00
总奖金: 1159.00

--- 步骤 2 ---
符号矩阵:
 0 |  9 | 4 |  9 | 6 | 0
 4 | 12 | 2 | 11 | 4 | 2
10 |  4 | 4 | 10 | 5 | 1
 3 |  3 | 6 |  9 | 6 | 9
 7 |  2 | 7 |  2 | 7 | 4
中奖信息:
符号: 4, 连线数量: 3, 路数: 4, 符号赔率: 2.0, 奖金: 8.00
符号: 7, 连线数量: 3, 路数: 1, 符号赔率: 3.0, 奖金: 3.00
当局总奖金: 40.00
总奖金: 1170.00

--- 步骤 3 ---
符号矩阵:
 0 | 9 |  9 |  6 | 5 | 0
 1 | 4 | 11 | 11 | 4 | 2
12 | 1 |  1 | 10 | 5 | 1
 3 | 3 |  2 |  9 | 6 | 9
 3 | 2 |  6 |  2 | 7 | 4
中奖信息:
符号: 9, 连线数量: 4, 路数: 1, 符号赔率: 10.0, 奖金: 10.00
符号: 1, 连线数量: 3, 路数: 2, 符号赔率: 1.0, 奖金: 2.00
符号: 2, 连线数量: 4, 路数: 1, 符号赔率: 3.0, 奖金: 3.00
当局总奖金: 55.00
总奖金: 1185.00

--- 步骤 4 ---
符号矩阵:
0 | 6 |  5 |  6 | 5 | 0
4 | 2 |  1 |  8 | 4 | 2
4 | 1 |  2 |  7 | 5 | 1
3 | 4 | 11 | 11 | 6 | 9
3 | 3 |  6 | 10 | 7 | 4

==== 基础模式-第93局 =====
转轮ID: 转轮1=58(11), 转轮2=21(10), 转轮3=32(11), 转轮4=94(4), 转轮5=46(1), 转轮6=77(6), 转轮7=12(9)

--- 步骤 1 ---
符号矩阵:
 0 |  8 |  3 | 5 | 9 | 0
11 | 10 | 11 | 4 | 1 | 6
 5 |  3 | 10 | 1 | 1 | 7
 3 |  8 |  3 | 1 | 1 | 8
 6 |  1 |  6 | 2 | 2 | 9
中奖信息:
符号: 3, 连线数量: 3, 路数: 2, 符号赔率: 2.0, 奖金: 4.00
当局总奖金: 4.00
总奖金: 1189.00

--- 步骤 2 ---
符号矩阵:
 0 |  8 |  5 | 9 | 12 | 0
 4 |  3 |  2 | 4 |  1 | 6
11 | 10 | 11 | 1 |  1 | 7
 5 |  8 | 10 | 1 |  1 | 8
 6 |  1 |  6 | 2 |  2 | 9

==== 基础模式-第94局 =====
转轮ID: 转轮1=53(6), 转轮2=67(4), 转轮3=26(2), 转轮4=57(10), 转轮5=86(3), 转轮6=99(4), 转轮7=65(6)

--- 步骤 1 ---
符号矩阵:
0 |  1 | 8 |  7 | 6 | 0
6 |  4 | 2 | 10 | 3 | 4
1 |  4 | 2 | 11 | 4 | 1
5 | 10 | 5 |  3 | 5 | 2
3 | 11 | 6 |  1 | 6 | 3

==== 基础模式-第95局 =====
转轮ID: 转轮1=41(5), 转轮2=78(3), 转轮3=43(8), 转轮4=41(6), 转轮5=3(4), 转轮6=53(6), 转轮7=82(10)

--- 步骤 1 ---
符号矩阵:
0 |  9 | 12 | 10 | 10 | 0
5 |  3 |  8 |  6 |  4 | 6
8 |  6 |  9 |  7 |  5 | 7
3 |  9 | 10 |  8 |  6 | 8
4 | 10 |  5 |  9 |  7 | 9
中奖信息:
符号: 3, 连线数量: 3, 路数: 1, 符号赔率: 2.0, 奖金: 2.00
当局总奖金: 2.00
总奖金: 1191.00

--- 步骤 2 ---
符号矩阵:
0 |  9 | 10 | 10 | 5 | 0
5 | 12 |  8 |  6 | 4 | 6
5 |  6 |  9 |  7 | 5 | 7
8 |  9 | 10 |  8 | 6 | 8
4 | 10 |  5 |  9 | 7 | 9
中奖信息:
符号: 5, 连线数量: 3, 路数: 2, 符号赔率: 3.0, 奖金: 6.00
符号: 8, 连线数量: 4, 路数: 1, 符号赔率: 10.0, 奖金: 10.00
当局总奖金: 18.00
总奖金: 1207.00

--- 步骤 3 ---
符号矩阵:
 0 |  9 | 10 | 10 | 5 | 0
 4 |  3 |  5 |  5 | 4 | 6
12 |  6 |  6 |  6 | 5 | 7
 3 |  9 |  9 |  7 | 6 | 8
 4 | 10 | 10 |  9 | 7 | 9
中奖信息:
符号: 9, 连线数量: 4, 路数: 2, 符号赔率: 10.0, 奖金: 20.00
符号: 10, 连线数量: 4, 路数: 2, 符号赔率: 25.0, 奖金: 50.00
符号: 6, 连线数量: 6, 路数: 1, 符号赔率: 20.0, 奖金: 20.00
当局总奖金: 108.00
总奖金: 1297.00

--- 步骤 4 ---
符号矩阵:
0 | 5 | 5 | 4 | 7 | 0
5 | 2 | 5 | 4 | 3 | 5
4 | 4 | 7 | 3 | 4 | 7
3 | 3 | 3 | 5 | 5 | 8
4 | 3 | 5 | 7 | 7 | 9
中奖信息:
符号: 5, 连线数量: 6, 路数: 3, 符号赔率: 20.0, 奖金: 60.00
符号: 3, 连线数量: 5, 路数: 2, 符号赔率: 6.0, 奖金: 12.00
当局总奖金: 180.00
总奖金: 1369.00

--- 步骤 5 ---
符号矩阵:
0 | 4 | 7 | 6 | 5 | 0
1 | 1 | 5 | 2 | 2 | 1
6 | 1 | 1 | 1 | 1 | 7
4 | 2 | 6 | 4 | 4 | 8
4 | 4 | 7 | 7 | 7 | 9
中奖信息:
符号: 1, 连线数量: 6, 路数: 2, 符号赔率: 8.0, 奖金: 16.00
当局总奖金: 196.00
总奖金: 1385.00

--- 步骤 6 ---
符号矩阵:
0 |  4 | 7 | 6 | 5 | 0
1 |  1 | 3 | 1 | 4 | 3
6 | 11 | 5 | 2 | 2 | 7
4 |  2 | 6 | 4 | 4 | 8
4 |  4 | 7 | 7 | 7 | 9

==== 基础模式-第96局 =====
转轮ID: 转轮1=63(4), 转轮2=14(2), 转轮3=1(2), 转轮4=44(9), 转轮5=35(1), 转轮6=61(2), 转轮7=65(6)

--- 步骤 1 ---
符号矩阵:
0 | 1 | 8 |  7 | 6 | 0
4 | 2 | 2 |  9 | 1 | 2
2 | 4 | 7 | 10 | 1 | 3
6 | 2 | 5 |  4 | 2 | 4
7 | 1 | 5 |  2 | 3 | 5
中奖信息:
符号: 2, 连线数量: 6, 路数: 2, 符号赔率: 8.0, 奖金: 16.00
当局总奖金: 16.00
总奖金: 1401.00

--- 步骤 2 ---
符号矩阵:
0 | 1 | 8 |  7 | 6 | 0
3 | 4 | 4 |  8 | 1 | 1
4 | 3 | 7 |  9 | 1 | 3
6 | 4 | 5 | 10 | 1 | 4
7 | 1 | 5 |  4 | 3 | 5
中奖信息:
符号: 4, 连线数量: 4, 路数: 2, 符号赔率: 4.0, 奖金: 8.00
当局总奖金: 24.00
总奖金: 1409.00

--- 步骤 3 ---
符号矩阵:
0 | 1 | 8 |  7 | 6 | 0
6 | 1 | 2 |  7 | 1 | 1
3 | 2 | 7 |  8 | 1 | 3
6 | 3 | 5 |  9 | 1 | 4
7 | 1 | 5 | 10 | 3 | 5

==== 基础模式-第97局 =====
转轮ID: 转轮1=38(3), 转轮2=7(8), 转轮3=61(4), 转轮4=20(9), 转轮5=27(4), 转轮6=24(1), 转轮7=61(2)

--- 步骤 1 ---
符号矩阵:
0 | 5 | 9 |  5 | 2 | 0
3 | 8 | 4 |  9 | 4 | 1
4 | 9 | 3 | 10 | 5 | 9
5 | 1 | 2 |  5 | 6 | 3
5 | 2 | 5 |  4 | 7 | 4
中奖信息:
符号: 5, 连线数量: 5, 路数: 4, 符号赔率: 10.0, 奖金: 40.00
当局总奖金: 40.00
总奖金: 1449.00

--- 步骤 2 ---
符号矩阵:
0 | 9 | 2 |  1 | 3 | 0
5 | 8 | 5 |  8 | 3 | 1
1 | 9 | 4 |  9 | 4 | 9
3 | 1 | 3 | 10 | 6 | 3
4 | 2 | 2 |  4 | 7 | 4

==== 基础模式-第98局 =====
转轮ID: 转轮1=53(6), 转轮2=44(3), 转轮3=22(7), 转轮4=37(2), 转轮5=48(1), 转轮6=0(1), 转轮7=13(5)

--- 步骤 1 ---
符号矩阵:
0 | 5 | 8 | 3 | 5 | 0
6 | 3 | 7 | 2 | 1 | 1
1 | 2 | 6 | 3 | 2 | 2
5 | 1 | 2 | 4 | 3 | 3
3 | 2 | 5 | 5 | 4 | 1
中奖信息:
符号: 5, 连线数量: 5, 路数: 1, 符号赔率: 10.0, 奖金: 10.00
当局总奖金: 10.00
总奖金: 1459.00

--- 步骤 2 ---
符号矩阵:
0 | 8 |  3 | 9 | 12 | 0
1 | 3 | 11 | 1 |  1 | 1
6 | 2 |  7 | 2 |  2 | 2
1 | 1 |  6 | 3 |  3 | 3
3 | 2 |  2 | 4 |  4 | 1
中奖信息:
符号: 3, 连线数量: 6, 路数: 2, 符号赔率: 10.0, 奖金: 20.00
当局总奖金: 30.00
总奖金: 1479.00

--- 步骤 3 ---
符号矩阵:
0 | 8 |  9 |  4 | 3 | 0
4 | 3 | 11 | 12 | 1 | 4
1 | 2 |  7 |  1 | 1 | 1
6 | 1 |  6 |  2 | 2 | 2
1 | 2 |  2 |  4 | 4 | 1